[SniperScope]
Pattern=CC 3D 06 00 00 00 00 00 00 00 00 00 00 00 00 00 00 00 00 00 00 00 00 00 80 3F 33 33 13 40 00 00 B0 3F 00 00 80 3F
Patch=CC 3D 06 00 00 00 00 00 80 3F 00 00 00 00 00 00 00 00 00 00 00 00 00 00 00 00 33 33 13 40 00 00 B0 3F 00 00 80 3F

[SniperSwitch]
Pattern=3F 00 00 80 3E 00 00 00 00 04 00 00 00 00 00 80 3F 00 00 20 41 00 00 34 42 01 00 00 00 01 00 00 00 00 00 00 00 00 00 00 00 00 00 80 3F
Patch=3F 00 00 80 3E 00 00 00 00 04 00 00 00 00 00 80 3F 00 00 20 41 00 00 34 42 01 00 00 00 01 00 00 00 00 00 00 00 00 00 00 00 00 00 80 3F

[WallHack]
Pattern=...
Patch=...
